0.01	0.1	0.1	0.1	
0.002171893491417148	0.02299291154297569	0.02299291154297569	0.02299291154297569	
0.002524657394976283	0.02644999391402949	0.02644999391402949	0.02644999391402949	
0.0029976621480838268	0.03089396206153886	0.03089396206153886	0.03089396206153886	
0.0035697078876069264	0.0360979761113423	0.0360979761113423	0.0360979761113423	
0.004248918007814333	0.042170780043031306	0.042170780043031306	0.042170780043031306	
0.0050294456419045196	0.04925349525770659	0.04925349525770659	0.04925349525770659	
0.00594621269798609	0.05750974875902231	0.05750974875902231	0.05750974875902231	
0.00704310663339133	0.0671281387583715	0.0671281387583715	0.0671281387583715	
0.008341542497007779	0.07832546101645924	0.07832546101645924	0.07832546101645924	
0.00988671605110951	0.0913501409737992	0.0913501409737992	0.0913501409737992	
0.011691024731236	0.10648579643314113	0.10648579643314113	0.10648579643314113	
0.013829540690270764	0.1240548223159648	0.1240548223159648	0.1240548223159648	
0.01633656513342183	0.1444217892278395	0.1444217892278395	0.1444217892278395	
0.01928880329564162	0.16799640612026934	0.16799640612026934	0.16799640612026934	
0.022741401060963364	0.19523569714126243	0.19523569714126243	0.19523569714126243	
0.026791365165665913	0.22664491798397157	0.22664491798397157	0.22664491798397157	
0.03153049947118721	0.2627766771617833	0.2627766771617833	0.2627766771617833	
0.037056148142859714	0.3042272265319014	0.3042272265319014	0.3042272265319014	
0.043455002683585334	0.3516296476960903	0.3516296476960903	0.3516296476960903	
0.05084562111658282	0.40564243626072205	0.40564243626072205	0.40564243626072205	
0.05935601387076849	0.46693219507265527	0.46693219507265527	0.46693219507265527	
0.06914094121588282	0.536151203275345	0.536151203275345	0.536151203275345	
0.08030945040604062	0.6139072896457387	0.6139072896457387	0.6139072896457387	
0.09297037714133591	0.7007264968192248	0.7007264968192248	0.7007264968192248	
0.1072057814973592	0.7970120131429586	0.7970120131429586	0.7970120131429586	
0.12310601214101168	0.9029976310210331	0.9029976310210331	0.9029976310210331	
0.1407366775386918	1.0187007865387376	1.0187007865387376	1.0187007865387376	
0.16011067764579162	1.1438834455247906	1.1438834455247906	1.1438834455247906	
0.18119822891916992	1.278020989894025	1.278020989894025	1.278020989894025	
0.20388892609657133	1.4202869832660847	1.4202869832660847	1.4202869832660847	
0.22804914228032874	1.5695635339083245	1.5695635339083245	1.5695635339083245	
0.2534712921205356	1.7244718175677451	1.7244718175677451	1.7244718175677451	
0.2799410363760042	1.8834243659038263	1.8834243659038263	1.8834243659038263	
0.30718007774638034	2.044701308160854	2.044701308160854	2.044701308160854	
0.33490622251924335	2.206532247458691	2.206532247458691	2.206532247458691	
0.3627984047494025	2.367178484644187	2.367178484644187	2.367178484644187	
0.39054439089443066	2.5250146042954253	2.5250146042954253	2.5250146042954253	
0.4178679680888328	2.6785888358315257	2.6785888358315257	2.6785888358315257	
0.4445295702769267	2.8266641553913545	2.8266641553913545	2.8266641553913545	
0.47035943017188275	2.9682466027101078	2.9682466027101078	2.9682466027101078	
0.4951690523326914	3.1025878673227556	3.1025878673227556	3.1025878673227556	
0.5188197863936043	3.2291739439422913	3.2291739439422913	3.2291739439422913	
0.5411962209274219	3.3477077953447116	3.3477077953447116	3.3477077953447116	
0.5622629538025185	3.458080184196746	3.458080184196746	3.458080184196746	
0.5820065982789391	3.56033844781939	3.56033844781939	3.56033844781939	
0.6004502435301244	3.654657441236115	3.654657441236115	3.654657441236115	
0.6175821139634832	3.7413095399009975	3.7413095399009975	3.7413095399009975	
0.6334769176843387	3.8206387993463307	3.8206387993463307	3.8206387993463307	
0.6481448043875979	3.8930386020134895	3.8930386020134895	3.8930386020134895	
0.6616748509987056	3.9589322140061136	3.9589322140061136	3.9589322140061136	
0.6741480796308692	4.018758161335412	4.018758161335412	4.018758161335412	
0.6856424894883925	4.072957847796928	4.072957847796928	4.072957847796928	
0.6962114838858712	4.121965970167496	4.121965970167496	4.121965970167496	
0.7058901834961118	4.166204250847465	4.166204250847465	4.166204250847465	
0.7147748551015716	4.206076200953226	4.206076200953226	4.206076200953226	
0.7229380253841254	4.241963854127634	4.241963854127634	4.241963854127634	
0.7304646975178175	4.274225986268234	4.274225986268234	4.274225986268234	
0.7373703619092449	4.303197041946973	4.303197041946973	4.303197041946973	
0.7437456326408265	4.329186903936409	4.329186903936409	4.329186903936409	
0.7495947908177139	4.352481333323409	4.352481333323409	4.352481333323409	
0.7549836494143651	4.373342566854517	4.373342566854517	4.373342566854517	
0.760006760779086	4.392010474600791	4.392010474600791	4.392010474600791	
0.7646752182793413	4.408703789254128	4.408703789254128	4.408703789254128	
0.7690075390723315	4.423621359832179	4.423621359832179	4.423621359832179	
0.7730194972972438	4.436943577392283	4.436943577392283	4.436943577392283	
0.7767857835748041	4.448833687788101	4.448833687788101	4.448833687788101	
0.7802953016683581	4.459439243175927	4.459439243175927	4.459439243175927	
0.7836233167338457	4.468893309304787	4.468893309304787	4.468893309304787	
0.7867742211220805	4.477315796194211	4.477315796194211	4.477315796194211	
0.7897174804173177	4.484814627700902	4.484814627700902	4.484814627700902	
0.7924968031597979	4.4914867683071265	4.4914867683071265	4.4914867683071265	
0.7951496855455661	4.49741929057909	4.49741929057909	4.49741929057909	
0.7977091035526219	4.502690325969516	4.502690325969516	4.502690325969516	
0.8001445712536221	4.507369962916791	4.507369962916791	4.507369962916791	
0.8025040907892663	4.511520957965782	4.511520957965782	4.511520957965782	
0.8047489989989632	4.515199560147997	4.515199560147997	4.515199560147997	
0.8069391628487147	4.5184560596189485	4.5184560596189485	4.5184560596189485	
0.8090617652865241	4.521335485535155	4.521335485535155	4.521335485535155	
0.8111251512350546	4.523878101564643	4.523878101564643	4.523878101564643	
0.8131400427421429	4.526119896664261	4.526119896664261	4.526119896664261	
0.8151068453409168	4.528093041474607	4.528093041474607	4.528093041474607	
0.8170388409162704	4.5298262698753184	4.5298262698753184	4.5298262698753184	
0.8189316854838979	4.531345258902528	4.531345258902528	4.531345258902528	
0.8208044644200164	4.532672923959596	4.532672923959596	4.532672923959596	
0.8226783633965234	4.533829722575137	4.533829722575137	4.533829722575137	
0.8244709367145928	4.534833977316251	4.534833977316251	4.534833977316251	
0.8262658072392182	4.535701948340971	4.535701948340971	4.535701948340971	
0.8280550085810142	4.536448194720676	4.536448194720676	4.536448194720676	
0.8298252415890023	4.537085711818922	4.537085711818922	4.537085711818922	
0.8315880727024383	4.537626078831026	4.537626078831026	4.537626078831026	
0.8333386295286117	4.538079634910395	4.538079634910395	4.538079634910395	
0.8350898351322671	4.538455591861089	4.538455591861089	4.538455591861089	
0.8368304252456549	4.538762179206821	4.538762179206821	4.538762179206821	
0.838575930940214	4.539006720817786	4.539006720817786	4.539006720817786	
0.8403148377452291	4.539195762759625	4.539195762759625	4.539195762759625	
0.842053533094911	4.539335131888542	4.539335131888542	4.539335131888542	
0.8437764185889286	4.539430036049677	4.539430036049677	4.539430036049677	
0.8455282951571635	4.539485082915502	4.539485082915502	4.539485082915502	
0.8472670542084227	4.539504428981402	4.539504428981402	4.539504428981402	
0.8490156193400888	4.539491742973329	4.539491742973329	4.539491742973329	
0.8507649041332385	4.539450312385452	4.539450312385452	4.539450312385452	
0.8525267558635338	4.539383055028103	4.539383055028103	4.539383055028103	
0.8542803664739047	4.539292589780704	4.539292589780704	4.539292589780704	
0.8560365117321501	4.5391812324617495	4.5391812324617495	4.5391812324617495	
0.8578042492278923	4.539051046531105	4.539051046531105	4.539051046531105	
0.8595893742915663	4.538903871407453	4.538903871407453	4.538903871407453	
0.8613690411609162	4.538741362268921	4.538741362268921	4.538741362268921	
0.8631605396656071	4.538564970363001	4.538564970363001	4.538564970363001	
0.8649404143019347	4.538376011197548	4.538376011197548	4.538376011197548	
0.8667636854699157	4.538175610113171	4.538175610113171	4.538175610113171	
0.8685779272855813	4.537964829625772	4.537964829625772	4.537964829625772	
0.8704048238890554	4.53774457399522	4.53774457399522	4.53774457399522	
0.8722388318719192	4.53751566246624	4.53751566246624	4.53751566246624	
0.874072014734761	4.537278825293416	4.537278825293416	4.537278825293416	
0.8759293211003628	4.537034692370868	4.537034692370868	4.537034692370868	
0.8777882234375692	4.53678385013617	4.53678385013617	4.53678385013617	
0.8796650002710934	4.536526797615318	4.536526797615318	4.536526797615318	
0.8815410854358483	4.536263997549867	4.536263997549867	4.536263997549867	
0.8834325050217424	4.535995840819611	4.535995840819611	4.535995840819611	
0.8853346579701451	4.53572268519812	4.53572268519812	4.53572268519812	
0.8872246148943409	4.5354448590656355	4.5354448590656355	4.5354448590656355	
0.8891637565733338	4.535162603317178	4.535162603317178	4.535162603317178	
0.8910934983495664	4.534876199301883	4.534876199301883	4.534876199301883	
0.8930343732185252	4.534585851578308	4.534585851578308	4.534585851578308	
0.8949865769581454	4.5342917512627805	4.5342917512627805	4.5342917512627805	
0.8969433184981827	4.533994070736932	4.533994070736932	4.533994070736932	
0.8989230198168754	4.533692946567374	4.533692946567374	4.533692946567374	
0.9009252622809433	4.533388508509951	4.533388508509951	4.533388508509951	
0.9029183629099211	4.533080888621164	4.533080888621164	4.533080888621164	
0.9049590820020766	4.5327701510711496	4.5327701510711496	4.5327701510711496	
0.9069539151456029	4.532456438094329	4.532456438094329	4.532456438094329	
0.9089887630382613	4.532139771107252	4.532139771107252	4.532139771107252	
0.9110330101441414	4.531820232072208	4.531820232072208	4.531820232072208	
0.9130909885348256	4.531497872260937	4.531497872260937	4.531497872260937	
0.9151567456750554	4.531172740835315	4.531172740835315	4.531172740835315	
0.9172533508261967	4.530844862231781	4.530844862231781	4.530844862231781	
0.9193417297924427	4.530514291070115	4.530514291070115	4.530514291070115	
0.921449396151758	4.530181036468979	4.530181036468979	4.530181036468979	
0.923561711625991	4.529845127244289	4.529845127244289	4.529845127244289	
0.92569809310945	4.529506566801531	4.529506566801531	4.529506566801531	
0.9278456574794033	4.529165373852093	4.529165373852093	4.529165373852093	
0.9300006624613422	4.5288215576193664	4.5288215576193664	4.5288215576193664	
0.9321767327852497	4.528475113203875	4.528475113203875	4.528475113203875	
0.9343630492887605	4.528126047518964	4.528126047518964	4.528126047518964	
0.9365612363251483	4.527774356988532	4.527774356988532	4.527774356988532	
0.9387693622548932	4.527420037582369	4.527420037582369	4.527420037582369	
0.9410028381107612	4.527063072339983	4.527063072339983	4.527063072339983	
0.943238436896079	4.526703465865694	4.526703465865694	4.526703465865694	
0.9454906758161608	4.526341197645314	4.526341197645314	4.526341197645314	
0.9477623332175764	4.525976252617251	4.525976252617251	4.525976252617251	
0.9500371097775422	4.525608625931589	4.525608625931589	4.525608625931589	
0.9523360188913433	4.525238287967365	4.525238287967365	4.525238287967365	
0.9546455384096643	4.524865229498621	4.524865229498621	4.524865229498621	
0.9569725521540613	4.524489427079073	4.524489427079073	4.524489427079073	
0.9593096093423678	4.524110865310796	4.524110865310796	4.524110865310796	
0.9616646188767141	4.523729517822391	4.523729517822391	4.523729517822391	
0.9640301228084545	4.523345367067745	4.523345367067745	4.523345367067745	
0.9664166804369507	4.5229583831426226	4.5229583831426226	4.5229583831426226	
0.9688005154292184	4.522568556655252	4.522568556655252	4.522568556655252	
0.9712280383889016	4.52217583437607	4.52217583437607	4.52217583437607	
0.9736589948048063	4.521780215071748	4.521780215071748	4.521780215071748	
0.9761055314730983	4.521381664880408	4.521381664880408	4.521381664880408	
0.9785650116913089	4.520980158298218	4.520980158298218	4.520980158298218	
0.9810491395580317	4.5205756601081655	4.5205756601081655	4.5205756601081655	
0.9835444727839253	4.520168150427409	4.520168150427409	4.520168150427409	
0.9860541817626942	4.519757597808991	4.519757597808991	4.519757597808991	
0.9885850461280028	4.5193439684279175	4.5193439684279175	4.5193439684279175	
0.9911130791708349	4.518927246826717	4.518927246826717	4.518927246826717	
0.9936064214490351	4.518507422005146	4.518507422005146	4.518507422005146	
0.9962431047116741	4.518084351387582	4.518084351387582	4.518084351387582	
0.9988360934417553	4.517658119412135	4.517658119412135	4.517658119412135	
1.0014567771256686	4.51722864889987	4.51722864889987	4.51722864889987	
1.0040710102622243	4.516795927987776	4.516795927987776	4.516795927987776	
1.0067217193485738	4.51635989605031	4.51635989605031	4.51635989605031	
1.009349831000309	4.515920555834333	4.515920555834333	4.515920555834333	
1.0120563655272217	4.515477808909239	4.515477808909239	4.515477808909239	
1.014744533241098	4.515031680729705	4.515031680729705	4.515031680729705	
1.0174642702903878	4.514582103970556	4.514582103970556	4.514582103970556	
1.020196872256594	4.514129053765501	4.514129053765501	4.514129053765501	
1.022948557158164	4.513672489145826	4.513672489145826	4.513672489145826	
1.0257132274651188	4.513212376212753	4.513212376212753	4.513212376212753	
1.0285076318757784	4.512748666431738	4.512748666431738	4.512748666431738	
1.0313099613553278	4.512281334530665	4.512281334530665	4.512281334530665	
1.0341407411181829	4.511810328299057	4.511810328299057	4.511810328299057	
1.0369785040706125	4.511335621281774	4.511335621281774	4.511335621281774	
1.0398523119387988	4.510857154735084	4.510857154735084	4.510857154735084	
1.0427293531627988	4.510374908100591	4.510374908100591	4.510374908100591	
1.0456397471442074	4.509888820781709	4.509888820781709	4.509888820781709	
1.0485665906632677	4.509398861044146	4.509398861044146	4.509398861044146	
1.0515146112086489	4.508904982913524	4.508904982913524	4.508904982913524	
1.0544752876729424	4.50840714835864	4.50840714835864	4.50840714835864	
1.057461028813708	4.507905305197866	4.507905305197866	4.507905305197866	
1.0604691428985074	4.507399410310791	4.507399410310791	4.507399410310791	
1.0634928829506807	4.506889422430384	4.506889422430384	4.506889422430384	
1.0665457206524276	4.50637528699704	4.50637528699704	4.50637528699704	
1.0696105106709237	4.505856967920093	4.505856967920093	4.505856967920093	
1.0727082751302512	4.505334404341738	4.505334404341738	4.505334404341738	
1.075823407772706	4.504807557972618	4.504807557972618	4.504807557972618	
1.07899445718478	4.504276355374797	4.504276355374797	4.504276355374797	
1.0821260976311733	4.503740814139625	4.503740814139625	4.503740814139625	
1.0852997823430182	4.503200812132651	4.503200812132651	4.503200812132651	
1.0885743090056546	4.50265628093988	4.50265628093988	4.50265628093988	
1.0915490712353622	4.5021074168068065	4.5021074168068065	4.5021074168068065	
1.094980434390144	4.501553685327529	4.501553685327529	4.501553685327529	
1.0982525359234099	4.5009954256669715	4.5009954256669715	4.5009954256669715	
1.1015526813819878	4.500432464153344	4.500432464153344	4.500432464153344	
1.1048729153301902	4.499864750777447	4.499864750777447	4.499864750777447	
1.108217688425294	4.499292226884819	4.499292226884819	4.499292226884819	
1.111576942689498	4.498714842164005	4.498714842164005	4.498714842164005	
1.1149733705493237	4.498132524560748	4.498132524560748	4.498132524560748	
1.1183989069439875	4.497545220793954	4.497545220793954	4.497545220793954	
1.121847531114374	4.4969528754181685	4.4969528754181685	4.4969528754181685	
1.1253172241464542	4.496355429522442	4.496355429522442	4.496355429522442	
1.128812931924823	4.495752818799097	4.495752818799097	4.495752818799097	
1.1323308211017493	4.4951449836565995	4.4951449836565995	4.4951449836565995	
1.1358830596348148	4.494531853281616	4.494531853281616	4.494531853281616	
1.1394615140018054	4.493913368861785	4.493913368861785	4.493913368861785	
1.143056366686107	4.49328947184405	4.49328947184405	4.49328947184405	
1.1466849995585155	4.492660085111394	4.492660085111394	4.492660085111394	
1.1503410743469933	4.492025145461314	4.492025145461314	4.492025145461314	
1.1540326006487696	4.491384579896865	4.491384579896865	4.491384579896865	
1.1577369039094294	4.490738334201055	4.490738334201055	4.490738334201055	
1.1613471359722636	4.490086407918036	4.490086407918036	4.490086407918036	
1.1652496719197614	4.489428477307044	4.489428477307044	4.489428477307044	
1.1690421835066098	4.488764732856293	4.488764732856293	4.488764732856293	
1.1728722392449944	4.488095004636121	4.488095004636121	4.488095004636121	
1.1765776207538665	4.487419323763933	4.487419323763933	4.487419323763933	
1.1807444088761256	4.4867372321665	4.4867372321665	4.4867372321665	
1.1845331545484699	4.486049200295686	4.486049200295686	4.486049200295686	
1.1884762819165906	4.4853548024575	4.4853548024575	4.4853548024575	
1.1924571833399629	4.484654035168109	4.484654035168109	4.484654035168109	
1.1965230742455208	4.483946786562649	4.483946786562649	4.483946786562649	
1.200505757435495	4.483233085034464	4.483233085034464	4.483233085034464	
1.204578835638577	4.482512733050453	4.482512733050453	4.482512733050453	
1.2086864516419475	4.481785682401673	4.481785682401673	4.481785682401673	
1.2128235560086464	4.481051850362665	4.481051850362665	4.481051850362665	
1.2169595460558602	4.4803111695055176	4.4803111695055176	4.4803111695055176	
1.221194248070055	4.479563484526054	4.479563484526054	4.479563484526054	
1.2254315982836665	4.4788087688413105	4.4788087688413105	4.4788087688413105	
1.229704006753339	4.478046908797667	4.478046908797667	4.478046908797667	
1.2340135458204984	4.47727780974398	4.47727780974398	4.47727780974398	
1.2383437453678547	4.4765013872998525	4.4765013872998525	4.4765013872998525	
1.2427209717387313	4.475717528092858	4.475717528092858	4.475717528092858	
1.2471437637446328	4.474926133091531	4.474926133091531	4.474926133091531	
1.2515804266755237	4.474127125195384	4.474127125195384	4.474127125195384	
1.2560632171231276	4.473320380748314	4.473320380748314	4.473320380748314	
1.2605808697984253	4.472505804174519	4.472505804174519	4.472505804174519	
1.2651432678780754	4.471683283626666	4.471683283626666	4.471683283626666	
1.2697362208198322	4.470852722100777	4.470852722100777	4.470852722100777	
1.2743821206529276	4.470013995936217	4.470013995936217	4.470013995936217	
1.279046045168746	4.4691670175397	4.4691670175397	4.4691670175397	
1.2837486381610221	4.468311661447146	4.468311661447146	4.468311661447146	
1.288511197199209	4.467447799069552	4.467447799069552	4.467447799069552	
1.2933843669775935	4.466575280555229	4.466575280555229	4.466575280555229	
1.2981316097277318	4.465694144898646	4.465694144898646	4.465694144898646	
1.303005288279107	4.464804104008143	4.464804104008143	4.464804104008143	
1.3079185285316515	4.4639050933755255	4.4639050933755255	4.4639050933755255	
1.3129283432968373	4.462996949519718	4.462996949519718	4.462996949519718	
1.3178721354717677	4.462079657118846	4.462079657118846	4.462079657118846	
1.3229123042396116	4.461152976149272	4.461152976149272	4.461152976149272	
1.3280031699595976	4.460216806744239	4.460216806744239	4.460216806744239	
1.3331218741586282	4.459271031192185	4.459271031192185	4.459271031192185	
1.3382838852276557	4.458315503008792	4.458315503008792	4.458315503008792	
1.343517028601357	4.4573500652255245	4.4573500652255245	4.4573500652255245	
1.3487782288774042	4.456374606266466	4.456374606266466	4.456374606266466	
1.3540934113704162	4.455388965658821	4.455388965658821	4.455388965658821	
1.3594476854252313	4.454393007543513	4.454393007543513	4.454393007543513	
1.3648622517649507	4.453386569407166	4.453386569407166	4.453386569407166	
1.3702576061967076	4.4523695539689925	4.4523695539689925	4.4523695539689925	
1.3758019980462184	4.451341693300142	4.451341693300142	4.451341693300142	
1.3813512115150564	4.450302928704134	4.450302928704134	4.450302928704134	
1.3869487005354342	4.449253071604312	4.449253071604312	4.449253071604312	
1.392601006641423	4.448191955245032	4.448191955245032	4.448191955245032	
1.3982939746778011	4.447119423669034	4.447119423669034	4.447119423669034	
1.40409018433855	4.446035265956555	4.446035265956555	4.446035265956555	
1.4098519126382756	4.444939405401675	4.444939405401675	4.444939405401675	
1.4157193951636664	4.443831570820732	4.443831570820732	4.443831570820732	
1.4216144838139075	4.442711638440902	4.442711638440902	4.442711638440902	
1.427578431353481	4.441579398600445	4.441579398600445	4.441579398600445	
1.4336123652059583	4.4404346658978975	4.4404346658978975	4.4404346658978975	
1.4396717325375599	4.439277283861772	4.439277283861772	4.439277283861772	
1.4458040651685113	4.438107027562781	4.438107027562781	4.438107027562781	
1.4519964604287057	4.436923711392442	4.436923711392442	4.436923711392442	
1.4582381028189333	4.435727142691711	4.435727142691711	4.435727142691711	
1.4645393755770881	4.434517114384014	4.434517114384014	4.434517114384014	
1.4709047352021696	4.433293413607999	4.433293413607999	4.433293413607999	
1.4773322921121392	4.432055834137015	4.432055834137015	4.432055834137015	
1.4837861829667411	4.430804186630124	4.430804186630124	4.430804186630124	
1.4903554243628885	4.429538188259281	4.429538188259281	4.429538188259281	
1.497010307997114	4.428257640787394	4.428257640787394	4.428257640787394	
1.503632572738871	4.426962394841982	4.426962394841982	4.426962394841982	
1.510371918434784	4.4256521188716915	4.4256521188716915	4.4256521188716915	
1.5171690126500423	4.424326617148138	4.424326617148138	4.424326617148138	
1.5240360851494057	4.42298564057877	4.42298564057877	4.42298564057877	
1.5309673388331524	4.421628948223858	4.421628948223858	4.421628948223858	
1.5379627165738483	4.420256289946521	4.420256289946521	4.420256289946521	
1.545038358626104	4.418867400176233	4.418867400176233	4.418867400176233	
1.5522108981176213	4.4174620062502665	4.4174620062502665	4.4174620062502665	
1.559374940276395	4.4160399191775515	4.4160399191775515	4.4160399191775515	
1.5666648304156245	4.414600772188367	4.414600772188367	4.414600772188367	
1.5740123356943436	4.413144338745237	4.413144338745237	4.413144338745237	
1.5814349220164239	4.411670325081524	4.411670325081524	4.411670325081524	
1.5889385132588487	4.4101784400767725	4.4101784400767725	4.4101784400767725	
1.5965087049095916	4.4086684014848645	4.4086684014848645	4.4086684014848645	
1.6041512902492812	4.407139906724229	4.407139906724229	4.407139906724229	
1.611882991329577	4.4055926392308775	4.4055926392308775	4.4055926392308775	
1.6196956818856998	4.404026294300659	4.404026294300659	4.404026294300659	
1.627581002699703	4.402440560634904	4.402440560634904	4.402440560634904	
1.6355563529927615	4.400835103288979	4.400835103288979	4.400835103288979	
1.6435876087904944	4.399209614296249	4.399209614296249	4.399209614296249	
1.6516963445851278	4.397563744569705	4.397563744569705	4.397563744569705	
1.6598962537644522	4.3958971356489025	4.3958971356489025	4.3958971356489025	
1.6682066606857673	4.394209428153141	4.394209428153141	4.394209428153141	
1.676624059978839	4.392500262344714	4.392500262344714	4.392500262344714	
1.6851289584542155	4.390769287430571	4.390769287430571	4.390769287430571	
1.6936540983398631	4.389016180656056	4.389016180656056	4.389016180656056	
1.702312688702741	4.387240476706835	4.387240476706835	4.387240476706835	
1.7111031875784102	4.385441788909737	4.385441788909737	4.385441788909737	
1.7198884953392026	4.383619817532611	4.383619817532611	4.383619817532611	
1.7288410748739087	4.381774033055163	4.381774033055163	4.381774033055163	
1.7378197542918024	4.379904124741258	4.379904124741258	4.379904124741258	
1.7469648165966178	4.378009564973508	4.378009564973508	4.378009564973508	
1.7561240060916108	4.376090035098492	4.376090035098492	4.376090035098492	
1.7655088324517498	4.374144936020425	4.374144936020425	4.374144936020425	
1.7749025456693004	4.37217397944007	4.37217397944007	4.37217397944007	
1.7844473492022657	4.370176595817234	4.370176595817234	4.370176595817234	
1.7940808466300837	4.368152365036887	4.368152365036887	4.368152365036887	
1.8038170271690506	4.3661007940694025	4.3661007940694025	4.3661007940694025	
1.8136637121912613	4.364021385843689	4.364021385843689	4.364021385843689	
1.8236041301712564	4.361913652687402	4.361913652687402	4.361913652687402	
1.833673349840099	4.359777053463696	4.359777053463696	4.359777053463696	
1.843795782118609	4.357611113707441	4.357611113707441	4.357611113707441	
1.8541331344884595	4.355415205601545	4.355415205601545	4.355415205601545	
1.8645864140926998	4.35318882353089	4.35318882353089	4.35318882353089	
1.8750450468065152	4.3509315084572515	4.3509315084572515	4.3509315084572515	
1.8856793896621908	4.348642554217326	4.348642554217326	4.348642554217326	
1.8964404167455502	4.346321414525486	4.346321414525486	4.346321414525486	
1.9073315644277036	4.343967494283091	4.343967494283091	4.343967494283091	
1.9183318498751198	4.3415801935606195	4.3415801935606195	4.3415801935606195	
1.929457251774589	4.339158879478073	4.339158879478073	4.339158879478073	
1.9407272901317834	4.336702897484236	4.336702897484236	4.336702897484236	
1.952111769683302	4.334211619430055	4.334211619430055	4.334211619430055	
1.9635554190154876	4.3316844216550985	4.3316844216550985	4.3316844216550985	
1.9752956378936644	4.329120436102229	4.329120436102229	4.329120436102229	
1.987070765501992	4.326519170746375	4.326519170746375	4.326519170746375	
1.9990618877749542	4.32387976932046	4.32387976932046	4.32387976932046	
2.011070703002117	4.321201661027315	4.321201661027315	4.321201661027315	
2.02325807281347	4.318483971177367	4.318483971177367	4.318483971177367	
2.03564268751754	4.315725922273811	4.315725922273811	4.315725922273811	
2.048184089791367	4.312926765690732	4.312926765690732	4.312926765690732	
2.060795597481279	4.310085773740267	4.310085773740267	4.310085773740267	
2.0736177371557534	4.307202016235398	4.307202016235398	4.307202016235398	
2.0865209936232496	4.304274762371781	4.304274762371781	4.304274762371781	
2.0996947734605227	4.301303005454421	4.301303005454421	4.301303005454421	
2.1130067631989267	4.298285976933554	4.298285976933554	4.298285976933554	
2.1264158199048544	4.295222816986501	4.295222816986501	4.295222816986501	
2.1399738539033564	4.292112567691894	4.292112567691894	4.292112567691894	
2.1537975037854515	4.288954197771004	4.288954197771004	4.288954197771004	
2.167718729595892	4.2857468861072165	4.2857468861072165	4.2857468861072165	
2.181894994098591	4.28248952217326	4.28248952217326	4.28248952217326	
2.196103760340989	4.279181288703897	4.279181288703897	4.279181288703897	
2.2105628107818287	4.275820976620483	4.275820976620483	4.275820976620483	
2.22521913113966	4.27240757978658	4.27240757978658	4.27240757978658	
2.240162803988258	4.268939945985861	4.268939945985861	4.268939945985861	
2.2550618276346435	4.265417255808462	4.265417255808462	4.265417255808462	
2.2702825947929903	4.261838072650485	4.261838072650485	4.261838072650485	
2.2856268406320286	4.25820141120315	4.25820141120315	4.25820141120315	
2.3012813878717435	4.254505934077867	4.254505934077867	4.254505934077867	
2.317087629709385	4.250750566282231	4.250750566282231	4.250750566282231	
2.333062268124062	4.2469340592684395	4.2469340592684395	4.2469340592684395	
2.349177428131982	4.243055170287921	4.243055170287921	4.243055170287921	
2.365646692568939	4.239112421414595	4.239112421414595	4.239112421414595	
2.3823021920984404	4.2351046293739625	4.2351046293739625	4.2351046293739625	
2.3990878392074806	4.231030487736105	4.231030487736105	4.231030487736105	
2.416161498841875	4.226888468289857	4.226888468289857	4.226888468289857	
2.433371042480257	4.222677281617614	4.222677281617614	4.222677281617614	
2.450958837810507	4.218395261239771	4.218395261239771	4.218395261239771	
2.468696092447881	4.214041115001144	4.214041115001144	4.214041115001144	
2.486646207244427	4.2096132639843065	4.2096132639843065	4.2096132639843065	
2.5047708428465687	4.205110179161653	4.205110179161653	4.205110179161653	
2.523269814346074	4.200530085236592	4.200530085236592	4.200530085236592	
2.542044556854075	4.1958714307979745	4.1958714307979745	4.1958714307979745	
2.5608913318297635	4.191132728369485	4.191132728369485	4.191132728369485	
2.5801036067998595	4.186311995634002	4.186311995634002	4.186311995634002	
2.599519207361437	4.181407625504368	4.181407625504368	4.181407625504368	
2.619255708001654	4.176417715693615	4.176417715693615	4.176417715693615	
2.6392969923571976	4.171340439261747	4.171340439261747	4.171340439261747	
2.659451971054085	4.166174095881743	4.166174095881743	4.166174095881743	
2.6799740966154744	4.160916521733457	4.160916521733457	4.160916521733457	
2.7007794993302805	4.155565826088616	4.155565826088616	4.155565826088616	
2.721951129586538	4.150119912383795	4.150119912383795	4.150119912383795	
2.7432611373084392	4.144576934178749	4.144576934178749	4.144576934178749	
2.7647985719901857	4.13893469343981	4.13893469343981	4.13893469343981	
2.7868866338308576	4.133190729266147	4.133190729266147	4.133190729266147	
2.809143879060475	4.127343187729841	4.127343187729841	4.127343187729841	
2.8317039359919827	4.121389684571544	4.121389684571544	4.121389684571544	
2.8546126398712173	4.1153278613846584	4.1153278613846584	4.1153278613846584	
2.877763995649037	4.109155455612277	4.109155455612277	4.109155455612277	
2.9013368291681734	4.102869877815424	4.102869877815424	4.102869877815424	
2.9252608426590228	4.096468716224653	4.096468716224653	4.096468716224653	
2.949338305060966	4.089949645531645	4.089949645531645	4.089949645531645	
2.973847826763986	4.083309797489968	4.083309797489968	4.083309797489968	
2.998759753798029	4.076546563741841	4.076546563741841	4.076546563741841	
3.023998789628787	4.0696573129945595	4.0696573129945595	4.0696573129945595	
3.0495648011572074	4.062639288365744	4.062639288365744	4.062639288365744	
3.075422470532333	4.0554897033525235	4.0554897033525235	4.0554897033525235	
3.1017545842821206	4.048205493160218	4.048205493160218	4.048205493160218	
3.128545573759975	4.040783723196313	4.040783723196313	4.040783723196313	
3.1554822392387125	4.0332217208092835	4.0332217208092835	4.0332217208092835	
3.1827527842801033	4.025516212660051	4.025516212660051	4.025516212660051	
3.2107085150446038	4.017663711365527	4.017663711365527	4.017663711365527	
3.2390155323245056	4.009661352603137	4.009661352603137	4.009661352603137	
3.26752034948463	4.001506052527351	4.001506052527351	4.001506052527351	
3.2965012134119682	3.9931941768236183	3.9931941768236183	3.9931941768236183	
3.3259683297594878	3.9847223279027038	3.9847223279027038	3.9847223279027038	
3.355800622067774	3.9760871690756994	3.9760871690756994	3.9760871690756994	
3.386046594494299	3.9672851268424383	3.9672851268424383	3.9672851268424383	
3.4167653460060805	3.958312537759771	3.958312537759771	3.958312537759771	
3.447905198941097	3.9491658020461515	3.9491658020461515	3.9491658020461515	
3.4794445128539837	3.9398412131969147	3.9398412131969147	3.9398412131969147	
3.511455101320056	3.930334900265163	3.930334900265163	3.930334900265163	
3.5439604224525634	3.9206429717925837	3.9206429717925837	3.9206429717925837	
3.5769007600756355	3.910761572442457	3.910761572442457	3.910761572442457	
3.6102650908069154	3.900686719867315	3.900686719867315	3.900686719867315	
3.6441273877874356	3.890414275483258	3.890414275483258	3.890414275483258	
3.678504784463288	3.879940093335871	3.879940093335871	3.879940093335871	
3.7133439592777173	3.869260056997601	3.869260056997601	3.869260056997601	
3.7486489632615596	3.8583699113577334	3.8583699113577334	3.8583699113577334	
3.7844520744339176	3.8472653194760826	3.8472653194760826	3.8472653194760826	
3.8207402832327473	3.835941924102306	3.835941924102306	3.835941924102306	
3.857607963571018	3.8243952019422567	3.8243952019422567	3.8243952019422567	
3.8950681502845486	3.812620639965502	3.812620639965502	3.812620639965502	
3.9328016240913315	3.800614139379772	3.800614139379772	3.800614139379772	
3.9710040010547014	3.7883708487719097	3.7883708487719097	3.7883708487719097	
4.010072018711967	3.7758856789228283	3.7758856789228283	3.7758856789228283	
4.0496312375268335	3.7631543982677633	3.7631543982677633	3.7631543982677633	
4.089524853493606	3.7501725417430474	3.7501725417430474	3.7501725417430474	
4.129989162834979	3.7369350415211557	3.7369350415211557	3.7369350415211557	
4.17108156776878	3.72343706202365	3.72343706202365	3.72343706202365	
4.21276941094146	3.7096738353004417	3.7096738353004417	3.7096738353004417	
4.254860202324809	3.6956408224688966	3.6956408224688966	3.6956408224688966	
4.297544538484447	3.6813329073170227	3.6813329073170227	3.6813329073170227	
4.340955691607646	3.6667450950567786	3.6667450950567786	3.6667450950567786	
4.384871483750247	3.651872804814462	3.651872804814462	3.651872804814462	
4.429285920414279	3.6367112358399876	3.6367112358399876	3.6367112358399876	
4.474314939970217	3.621255371699621	3.621255371699621	3.621255371699621	
4.519966248187177	3.605500377408074	3.605500377408074	3.605500377408074	
4.5660725400702615	3.589441745726135	3.589441745726135	3.589441745726135	
4.612696676416275	3.573074592969914	3.573074592969914	3.573074592969914	
4.660132415229135	3.556393808872369	3.556393808872369	3.556393808872369	
4.708127115351088	3.5393950767221267	3.5393950767221267	3.5393950767221267	
4.756543151454161	3.5220740620249713	3.5220740620249713	3.5220740620249713	
4.805577276924258	3.5044259140527765	3.5044259140527765	3.5044259140527765	
4.855336729690431	3.486446079756313	3.486446079756313	3.486446079756313	
4.905581044366855	3.4681305772282256	3.4681305772282256	3.4681305772282256	
4.956264443210016	3.449475269379525	3.449475269379525	3.449475269379525	
5.007835220746958	3.430475380710128	3.430475380710128	3.430475380710128	
5.059878990496102	3.41112758376252	3.41112758376252	3.41112758376252	
5.112357895434801	3.3914281997810933	3.3914281997810933	3.3914281997810933	
5.165429066826115	3.3713732975841917	3.3713732975841917	3.3713732975841917	
5.219219820004525	3.3509592546292257	3.3509592546292257	3.3509592546292257	
5.273481577219034	3.330183216717212	3.330183216717212	3.330183216717212	
5.328107193694781	3.3090423628784387	3.3090423628784387	3.3090423628784387	
5.383625125006199	3.287532959848887	3.287532959848887	3.287532959848887	
5.439649354852517	3.2656530765681877	3.2656530765681877	3.2656530765681877	
5.495980919507892	3.2434009614056576	3.2434009614056576	3.2434009614056576	
5.552950343748534	3.220773856996215	3.220773856996215	3.220773856996215	
5.6106122872902455	3.197769896976796	3.197769896976796	3.197769896976796	
5.668374128352417	3.174389172684948	3.174389172684948	3.174389172684948	
5.7266845206042625	3.150629487498243	3.150629487498243	3.150629487498243	
5.785707051594726	3.126489891250134	3.126489891250134	3.126489891250134	
5.845089129673685	3.1019708105577566	3.1019708105577566	3.1019708105577566	
5.904771303240027	3.0770725003539745	3.0770725003539745	3.0770725003539745	
5.965220372418196	3.051794358874719	3.051794358874719	3.051794358874719	
6.02601735349263	3.0261382356387423	3.0261382356387423	3.0261382356387423	
6.086999053146652	3.0001061348534157	3.0001061348534157	3.0001061348534157	
6.14844348069313	2.9736990252394686	2.9736990252394686	2.9736990252394686	
6.210348949211832	2.9469192054085283	2.9469192054085283	2.9469192054085283	
6.272470222702517	2.9197703228637772	2.9197703228637772	2.9197703228637772	
6.3349802319425015	2.8922550989050273	2.8922550989050273	2.8922550989050273	
6.397882044610832	2.864377319521031	2.864377319521031	2.864377319521031	
6.46077418860605	2.836142970974912	2.836142970974912	2.836142970974912	
6.524180322929712	2.8075549534692006	2.8075549534692006	2.8075549534692006	
6.587979811371398	2.778619005884662	2.778619005884662	2.778619005884662	
6.651480507243188	2.749344592965617	2.749344592965617	2.749344592965617	
6.71532657123627	2.719735299255169	2.719735299255169	2.719735299255169	
6.7796636112302995	2.689797441754945	2.689797441754945	2.689797441754945	
6.843731048692644	2.659543092872733	2.659543092872733	2.659543092872733	
6.90787290965774	2.628978801194707	2.628978801194707	2.628978801194707	
6.9724818667590425	2.598110707854287	2.598110707854287	2.598110707854287	
7.036782170297229	2.566954040451141	2.566954040451141	2.566954040451141	
7.101033259147114	2.53551734297632	2.53551734297632	2.53551734297632	
7.165724481027348	2.5038056558421777	2.5038056558421777	2.5038056558421777	
7.229822108796271	2.471842337892981	2.471842337892981	2.471842337892981	
7.293998874792128	2.4396311626821405	2.4396311626821405	2.4396311626821405	
7.3583796186084545	2.407179033220337	2.407179033220337	2.407179033220337	
7.4219689318418425	2.374523293849152	2.374523293849152	2.374523293849152	
7.485807442179679	2.3416488591333504	2.3416488591333504	2.3416488591333504	
7.5493675417834325	2.308582407146677	2.308582407146677	2.308582407146677	
7.612531278951089	2.275350130103105	2.275350130103105	2.275350130103105	
7.675489965690332	2.241950837006813	2.241950837006813	2.241950837006813	
7.738161523489734	2.2083937928707904	2.2083937928707904	2.2083937928707904	
7.800405279454709	2.174728951285208	2.174728951285208	2.174728951285208	
7.8622839261888595	2.140948181523704	2.140948181523704	2.140948181523704	
7.923750369513179	2.1070487385114496	2.1070487385114496	2.1070487385114496	
7.984748354542301	2.073103459833289	2.073103459833289	2.073103459833289	
8.045262510456595	2.0390899440207493	2.0390899440207493	2.0390899440207493	
8.105258244563284	2.005014267107259	2.005014267107259	2.005014267107259	
8.164702707599703	1.9709414944920083	1.9709414944920083	1.9709414944920083	
8.223567410744794	1.9368555710951163	1.9368555710951163	1.9368555710951163	
8.28182321152897	1.9027690799278052	1.9027690799278052	1.9027690799278052	
8.339441186308397	1.8687345623220735	1.8687345623220735	1.8687345623220735	
8.396394585756584	1.8347407201678134	1.8347407201678134	1.8347407201678134	
8.452657060578716	1.800805800498968	1.800805800498968	1.800805800498968	
8.508202714665455	1.76698946685371	1.76698946685371	1.76698946685371	
8.563008535288882	1.733249821665925	1.733249821665925	1.733249821665925	
8.617051088266226	1.6996192702271489	1.6996192702271489	1.6996192702271489	
8.67030755827276	1.6662073311267915	1.6662073311267915	1.6662073311267915	
8.722759536770708	1.6328984798596853	1.6328984798596853	1.6328984798596853	
8.77438734394152	1.5997317840252245	1.5997317840252245	1.5997317840252245	
8.825171829736716	1.5668572185491747	1.5668572185491747	1.5668572185491747	
8.875097612363405	1.534184062871382	1.534184062871382	1.534184062871382	
8.92415104458255	1.501685895883862	1.501685895883862	1.501685895883862	
8.972317068748099	1.4694578554330766	1.4694578554330766	1.4694578554330766	
9.019583607068673	1.4375203059532857	1.4375203059532857	1.4375203059532857	
9.06594130031713	1.4058250878566168	1.4058250878566168	1.4058250878566168	
9.11138001067965	1.3744387801957951	1.3744387801957951	1.3744387801957951	
9.15589215328096	1.3433757234691615	1.3433757234691615	1.3433757234691615	
9.199472197899519	1.3126041311413077	1.3126041311413077	1.3126041311413077	
9.242114477322893	1.2822029060079934	1.2822029060079934	1.2822029060079934	
9.283815550466631	1.2521773182609544	1.2521773182609544	1.2521773182609544	
9.324575122129177	1.2224363888378993	1.2224363888378993	1.2224363888378993	
9.364390988211738	1.1930767080645217	1.1930767080645217	1.1930767080645217	
9.403263832240532	1.164151331795264	1.164151331795264	1.164151331795264	
9.441196078387643	1.1356044877718794	1.1356044877718794	1.1356044877718794	
9.478190991513559	1.1074474426987853	1.1074474426987853	1.1074474426987853	
9.514252693577873	1.0797229693603545	1.0797229693603545	1.0797229693603545	
9.549387160793879	1.0523968886167925	1.0523968886167925	1.0523968886167925	
9.583600970549591	1.0254738359297106	1.0254738359297106	1.0254738359297106	
9.616901244758381	0.999051344832936	0.999051344832936	0.999051344832936	
9.649297100505784	0.9730611650533022	0.9730611650533022	0.9730611650533022	
9.680798809916777	0.9474721457920852	0.9474721457920852	0.9474721457920852	
9.711416137496544	0.9223484549694304	0.9223484549694304	0.9223484549694304	
9.74116047134918	0.8976943052364816	0.8976943052364816	0.8976943052364816	
9.770044489023741	0.873459186566074	0.873459186566074	0.873459186566074	
9.798080414179188	0.8497003044378045	0.8497003044378045	0.8497003044378045	
9.825281797890295	0.8264189501527175	0.8264189501527175	0.8264189501527175	
9.851662878216086	0.8035879971423312	0.8035879971423312	0.8035879971423312	
9.877238191807674	0.7812094754658215	0.7812094754658215	0.7812094754658215	
9.902022578125782	0.7593109108071893	0.7593109108071893	0.7593109108071893	
9.92603174855807	0.737857430026718	0.737857430026718	0.737857430026718	
9.949281441018927	0.7168513898739814	0.7168513898739814	0.7168513898739814	
9.971787436486993	0.6963421875879292	0.6963421875879292	0.6963421875879292	
9.993566342752278	0.6762850727498546	0.6762850727498546	0.6762850727498546	
10.014634961171495	0.6566576893735119	0.6566576893735119	0.6566576893735119	
10.035009647622166	0.6374956044895217	0.6374956044895217	0.6374956044895217	
10.05470714664012	0.6188043011531024	0.6188043011531024	0.6188043011531024	
10.073745062295746	0.6005020517463304	0.6005020517463304	0.6005020517463304	
10.092139703299674	0.5826490951047661	0.5826490951047661	0.5826490951047661	
10.10990791368996	0.5652603679580219	0.5652603679580219	0.5652603679580219	
10.12706685204197	0.5482867946032507	0.5482867946032507	0.5482867946032507	
10.143633359977981	0.5317141624737013	0.5317141624737013	0.5317141624737013	
10.159623606924816	0.5156125950257893	0.5156125950257893	0.5156125950257893	
10.175054506891438	0.49991583194381245	0.49991583194381245	0.49991583194381245	
10.18994262237064	0.4845978364726428	0.4845978364726428	0.4845978364726428	
10.20430376904557	0.4696957157214849	0.4696957157214849	0.4696957157214849	
10.218153841943577	0.4552110546840775	0.4552110546840775	0.4552110546840775	
10.231509126399581	0.4410653495099089	0.4410653495099089	0.4410653495099089	
10.244384607852755	0.42731147784623325	0.42731147784623325	0.42731147784623325	
10.256795417569732	0.41395740359317007	0.41395740359317007	0.41395740359317007	
10.26875672421636	0.4009578008098737	0.4009578008098737	0.4009578008098737	
10.280283167063473	0.38830226407622026	0.38830226407622026	0.38830226407622026	
10.291388683389865	0.3760420292945757	0.3760420292945757	0.3760420292945757	
10.302087608027085	0.36411802725464587	0.36411802725464587	0.36411802725464587	
10.31239369190241	0.35251535852121374	0.35251535852121374	0.35251535852121374	
10.32232006782281	0.34125734592707907	0.34125734592707907	0.34125734592707907	
10.331879811143759	0.3303289179864356	0.3303289179864356	0.3303289179864356	
10.34108575302445	0.31970319618308357	0.31970319618308357	0.31970319618308357	
10.349950113951463	0.30939041396699035	0.30939041396699035	0.30939041396699035	
10.358484823208093	0.2993969426546183	0.2993969426546183	0.2993969426546183	
10.3667017131687	0.2896918419351293	0.2896918419351293	0.2896918419351293	
10.374612110275153	0.28027068519352133	0.28027068519352133	0.28027068519352133	
10.382226956540132	0.27113562131885877	0.27113562131885877	0.27113562131885877	
10.389556882508831	0.26228634713711224	0.26228634713711224	0.26228634713711224	
10.396612430310121	0.2536869410125125	0.2536869410125125	0.2536869410125125	
10.403403484708399	0.24535087809536574	0.24535087809536574	0.24535087809536574	
10.409939632607475	0.2372907644162236	0.2372907644162236	0.2372907644162236	
10.416230458817406	0.229469146230796	0.229469146230796	0.229469146230796	
10.42228510188573	0.22187069191852526	0.22187069191852526	0.22187069191852526	
10.428112004677162	0.21454198099311594	0.21454198099311594	0.21454198099311594	
10.43371987873926	0.20744034822625232	0.20744034822625232	0.20744034822625232	
10.439117061533935	0.2005380819996505	0.2005380819996505	0.2005380819996505	
10.444311224298067	0.19386553193794295	0.19386553193794295	0.19386553193794295	
10.44931000369772	0.18741632988505622	0.18741632988505622	0.18741632988505622	
10.454121043273897	0.18114151301453768	0.18114151301453768	0.18114151301453768	
10.458751185577578	0.17507527599696007	0.17507527599696007	0.17507527599696007	
10.46320724898351	0.1692170120935204	0.1692170120935204	0.1692170120935204	
10.467495969053488	0.16353943970842377	0.16353943970842377	0.16353943970842377	
10.471623686532332	0.15804010671136878	0.15804010671136878	0.15804010671136878	
10.475596485187923	0.1527201469584373	0.1527201469584373	0.1527201469584373	
10.479420211600319	0.14758264876181998	0.14758264876181998	0.14758264876181998	
10.483100726043194	0.14259381836237006	0.14259381836237006	0.14259381836237006	
10.48664339047272	0.1377652054558688	0.1377652054558688	0.1377652054558688	
10.490053321477857	0.13311569625714487	0.13311569625714487	0.13311569625714487	
10.493335790456616	0.12860681001787666	0.12860681001787666	0.12860681001787666	
10.496495712146897	0.12422685185000894	0.12422685185000894	0.12422685185000894	
10.499537422777909	0.1200281662200984	0.1200281662200984	0.1200281662200984	
10.502465722466553	0.11595874096958747	0.11595874096958747	0.11595874096958747	
10.505284989647773	0.11200739593613843	0.11200739593613843	0.11200739593613843	
10.507999235055225	0.10819536395190571	0.10819536395190571	0.10819536395190571	
10.510612516211083	0.10451058667367856	0.10451058667367856	0.10451058667367856	
10.513128713292389	0.10094478640518686	0.10094478640518686	0.10094478640518686	
10.515551541499379	0.0974922631270312	0.0974922631270312	0.0974922631270312	
10.517884438858031	0.0941694315696903	0.0941694315696903	0.0941694315696903	
10.520130920027041	0.09095761654993469	0.09095761654993469	0.09095761654993469	
10.52229438668355	0.08783512394112071	0.08783512394112071	0.08783512394112071	
10.524377826303503	0.08482701036813531	0.08482701036813531	0.08482701036813531	
10.526384227894283	0.08193823942128992	0.08193823942128992	0.08193823942128992	
10.52831684193186	0.0791115456598097	0.0791115456598097	0.0791115456598097	
10.530178210443909	0.07638722428224076	0.07638722428224076	0.07638722428224076	
10.53197097891555	0.0737710189468243	0.0737710189468243	0.0737710189468243	
10.533697894959193	0.07123441879768987	0.07123441879768987	0.07123441879768987	
10.535361400595589	0.0687827964599887	0.0687827964599887	0.0687827964599887	
10.536963867004017	0.06641732147436495	0.06641732147436495	0.06641732147436495	
10.538507585077785	0.06413707307666226	0.06413707307666226	0.06413707307666226	
10.539994884819125	0.061919942103765224	0.061919942103765224	0.061919942103765224	
10.541427808538044	0.05977724155745826	0.05977724155745826	0.05977724155745826	
10.542808285886494	0.05772550262854088	0.05772550262854088	0.05772550262854088	
10.544138454751316	0.055733468438547436	0.055733468438547436	0.055733468438547436	
10.545420247929142	0.05379136089387463	0.05379136089387463	0.05379136089387463	
10.54665515993275	0.051950316369792124	0.051950316369792124	0.051950316369792124	
10.547845204420424	0.05016336061645723	0.05016336061645723	0.05016336061645723	
10.548992093722454	0.04842255609594124	0.04842255609594124	0.04842255609594124	
10.550097304467753	0.0467484804066225	0.0467484804066225	0.0467484804066225	
10.551162422972004	0.04513316832402817	0.04513316832402817	0.04513316832402817	
10.55218896345965	0.043570751719287794	0.043570751719287794	0.043570751719287794	
10.553178392702446	0.04205375860426023	0.04205375860426023	0.04205375860426023	
10.554132030438343	0.04059021482494181	0.04059021482494181	0.04059021482494181	
10.555051042438912	0.0392050018794254	0.0392050018794254	0.0392050018794254	
10.555937035637033	0.03784092147432538	0.03784092147432538	0.03784092147432538	
10.556790985892489	0.03653807020507112	0.03653807020507112	0.03653807020507112	
10.557614263399259	0.03526294615163663	0.03526294615163663	0.03526294615163663	
10.558407835538281	0.03404195293676275	0.03404195293676275	0.03404195293676275	
10.559172881498856	0.032858652789830245	0.032858652789830245	0.032858652789830245	
10.559910411877663	0.03171830095366076	0.03171830095366076	0.03171830095366076	
10.560621452012548	0.03061667066625016	0.03061667066625016	0.03061667066625016	
10.561306990856796	0.029549956798670993	0.029549956798670993	0.029549956798670993	
10.561967894620892	0.028527788678221404	0.028527788678221404	0.028527788678221404	
10.562605132422428	0.02753747838464267	0.02753747838464267	0.02753747838464267	
10.563219563501127	0.02657876400859114	0.02657876400859114	0.02657876400859114	
10.56381198387077	0.02565671795423943	0.02565671795423943	0.02565671795423943	
10.564383229969406	0.024764301336188142	0.024764301336188142	0.024764301336188142	
10.564934068068663	0.02390129639523677	0.02390129639523677	0.02390129639523677	
10.56546507529522	0.023094516954172317	0.023094516954172317	0.023094516954172317	
10.565977405762423	0.022268967556155043	0.022268967556155043	0.022268967556155043	
10.566471332846817	0.021493460377080383	0.021493460377080383	0.021493460377080383	
10.566947662725664	0.020742859450234605	0.020742859450234605	0.020742859450234605	
10.56740698532612	0.0200243075827333	0.0200243075827333	0.0200243075827333	
10.567849978425055	0.019326167451339513	0.019326167451339513	0.019326167451339513	
10.568277194801805	0.01865407728451059	0.01865407728451059	0.01865407728451059	
10.56868921844045	0.018004678694400204	0.018004678694400204	0.018004678694400204	
10.56908659612897	0.017377488855206714	0.017377488855206714	0.017377488855206714	
10.569469839331884	0.016774500493699437	0.016774500493699437	0.016774500493699437	
10.569839501387053	0.016187401399306415	0.016187401399306415	0.016187401399306415	
10.570196025127052	0.01562339472926454	0.01562339472926454	0.01562339472926454	
10.570539877134616	0.0150826311267227	0.0150826311267227	0.0150826311267227	
10.570871567988364	0.014555019650906133	0.014555019650906133	0.014555019650906133	
10.571191500094683	0.014045820023537886	0.014045820023537886	0.014045820023537886	
10.571500081782382	0.01355667691254631	0.01355667691254631	0.01355667691254631	
10.57179773906885	0.013083637617937877	0.013083637617937877	0.013083637617937877	
10.57208484213452	0.012629728586315593	0.012629728586315593	0.012629728586315593	
10.572361806093022	0.012187910719166879	0.012187910719166879	0.012187910719166879	
10.572628963039433	0.011763004808242201	0.011763004808242201	0.011763004808242201	
10.572886681437113	0.011351302874592873	0.011351302874592873	0.011351302874592873	
10.573135274017128	0.010956514929353194	0.010956514929353194	0.010956514929353194	
10.573375087779931	0.010574425223896275	0.010574425223896275	0.010574425223896275	
10.573606424413757	0.010206522936234766	0.010206522936234766	0.010206522936234766	
10.573829608795819	0.009848495011441052	0.009848495011441052	0.009848495011441052	
10.574044895127013	0.00950612393947583	0.00950612393947583	0.00950612393947583	
10.5742526057498	0.009171882741004802	0.009171882741004802	0.009171882741004802	
10.574452958323869	0.00885428979726079	0.00885428979726079	0.00885428979726079	
10.574646265439268	0.008544141055389884	0.008544141055389884	0.008544141055389884	
10.574832744383196	0.008246797399404836	0.008246797399404836	0.008246797399404836	
10.575012636775579	0.007961968414175638	0.007961968414175638	0.007961968414175638	
10.575186231324304	0.007679924997166614	0.007679924997166614	0.007679924997166614	
10.575353677793816	0.007413078841074686	0.007413078841074686	0.007413078841074686	
10.575515234227593	0.0071541233214043485	0.0071541233214043485	0.0071541233214043485	
10.575671074278496	0.006908753361069253	0.006908753361069253	0.006908753361069253	
10.575821478144375	0.00666333379345043	0.00666333379345043	0.00666333379345043	
10.575966565101913	0.006430301767063765	0.006430301767063765	0.006430301767063765	
10.576106545578488	0.00620546921077984	0.00620546921077984	0.00620546921077984	
10.576241608843917	0.005987104144907123	0.005987104144907123	0.005987104144907123	
10.576371899489706	0.005779973282751978	0.005779973282751978	0.005779973282751978	
10.57649772559371	0.005560032072031191	0.005560032072031191	0.005560032072031191	
10.576618917229235	0.005383341709513341	0.005383341709513341	0.005383341709513341	
10.57673594324755	0.005196464499432958	0.005196464499432958	0.005196464499432958	
10.5768488581894	0.0050160356378838285	0.0050160356378838285	0.0050160356378838285	
10.576957826910528	0.0048380962836265026	0.0048380962836265026	0.0048380962836265026	
10.577062960265312	0.004667292019575251	0.004667292019575251	0.004667292019575251	
10.577164377400099	0.004506262700084416	0.004506262700084416	0.004506262700084416	
10.577262245755273	0.004348493011246537	0.004348493011246537	0.004348493011246537	
10.577356636317964	0.004203077005498369	0.004203077005498369	0.004203077005498369	
10.577447796164687	0.004048445659473213	0.004048445659473213	0.004048445659473213	
10.577535694201405	0.003909555103701712	0.003909555103701712	0.003909555103701712	
10.577620536027936	0.0037704549385902558	0.0037704549385902558	0.0037704549385902558	
10.577702370702175	0.00364111665065918	0.00364111665065918	0.00364111665065918	
10.577781348802477	0.0035136122245165145	0.0035136122245165145	0.0035136122245165145	
10.577857563968777	0.0033890619426834344	0.0033890619426834344	0.0033890619426834344	
10.577931050713273	0.0032780310806839173	0.0032780310806839173	0.0032780310806839173	
10.578002050422702	0.003155345328626998	0.003155345328626998	0.003155345328626998	
10.57807049473129	0.0030479105377069016	0.0030479105377069016	0.0030479105377069016	
10.578136568581659	0.0029390410785840987	0.0029390410785840987	0.0029390410785840987	
10.578200295742638	0.002838922844542619	0.002838922844542619	0.002838922844542619	
10.578261806441192	0.0027391433984232548	0.0027391433984232548	0.0027391433984232548	
10.578321165553312	0.0026419129149955114	0.0026419129149955114	0.0026419129149955114	
10.578378393536065	0.002556525102916443	0.002556525102916443	0.002556525102916443	
10.578433705200679	0.002458782564309806	0.002458782564309806	0.002458782564309806	
10.578487009245796	0.0023760916568761814	0.0023760916568761814	0.0023760916568761814	
10.578538476755734	0.0022908326085023024	0.0022908326085023024	0.0022908326085023024	
10.578588111011664	0.0022135092233538834	0.0022135092233538834	0.0022135092233538834	
10.578636026666295	0.00213529958585145	0.00213529958585145	0.00213529958585145	
10.578682265510547	0.002059393264493554	0.002059393264493554	0.002059393264493554	
10.578726839644213	0.001993665747636626	0.001993665747636626	0.001993665747636626	
10.578769938079596	0.0019155602647985483	0.0019155602647985483	0.0019155602647985483	
10.578811454822162	0.001852345298170563	0.001852345298170563	0.001852345298170563	
10.578851551170494	0.0017855121932055815	0.0017855121932055815	0.0017855121932055815	
10.578890213684362	0.0017259520486094676	0.0017259520486094676	0.0017259520486094676	
10.578927544939454	0.0016645237988632373	0.0016645237988632373	0.0016645237988632373	
10.578963568323978	0.0016052603224891162	0.0016052603224891162	0.0016052603224891162	
10.578998292235841	0.0015544622765734323	0.0015544622765734323	0.0015544622765734323	
10.579031879304653	0.0014919278844371942	0.0014919278844371942	0.0014919278844371942	
10.579064216424111	0.0014440880767989822	0.0014440880767989822	0.0014440880767989822	
10.579095458036686	0.0013916173443344834	0.0013916173443344834	0.0013916173443344834	
10.579125576706343	0.0013458795672165965	0.0013458795672165965	0.0013458795672165965	
10.57915466547798	0.0012975113907588364	0.0012975113907588364	0.0012975113907588364	
10.57918273179089	0.001251480071768233	0.001251480071768233	0.001251480071768233	
10.579209818019125	0.0012065987630196719	0.0012065987630196719	0.0012065987630196719	
10.579235908547467	0.0011713462503779978	0.0011713462503779978	0.0011713462503779978	
10.579261155417958	0.0011254031578936752	0.0011254031578936752	0.0011254031578936752	
10.579285491475053	0.0010856501655322815	0.0010856501655322815	0.0010856501655322815	
10.579308953555078	0.0010510135293474523	0.0010510135293474523	0.0010510135293474523	
10.579331637811087	0.0010101906554253787	0.0010101906554253787	0.0010101906554253787	
10.579353498403975	9.758072716441202E-4	9.758072716441202E-4	9.758072716441202E-4	
10.579374598696758	9.417796506013763E-4	9.417796506013763E-4	9.417796506013763E-4	
10.579394948954443	9.108815345526436E-4	9.108815345526436E-4	9.108815345526436E-4	
10.579414606461503	8.777236875794262E-4	8.777236875794262E-4	8.777236875794262E-4	
10.57943356725082	8.471942358937967E-4	8.471942358937967E-4	8.471942358937967E-4	
10.579451883758459	8.144577584288299E-4	8.144577584288299E-4	8.144577584288299E-4	
10.5794695239839	7.888058551141502E-4	7.888058551141502E-4	7.888058551141502E-4	
10.579486573056041	7.59604816594365E-4	7.59604816594365E-4	7.59604816594365E-4	
10.579503009838897	7.340742521271237E-4	7.340742521271237E-4	7.340742521271237E-4	
10.579518873478742	7.090739592944749E-4	7.090739592944749E-4	7.090739592944749E-4	
10.579534198584703	6.821170764355151E-4	6.821170764355151E-4	6.821170764355151E-4	
10.57954896391016	6.600847280995964E-4	6.600847280995964E-4	6.600847280995964E-4	
10.579563222630965	6.371042407375438E-4	6.371042407375438E-4	6.371042407375438E-4	
10.579576992862783	6.131389343367878E-4	6.131389343367878E-4	6.131389343367878E-4	
10.579590279655996	5.902773621785191E-4	5.902773621785191E-4	5.902773621785191E-4	
10.579603097255712	5.689351770100973E-4	5.689351770100973E-4	5.689351770100973E-4	
10.57961544711486	5.516137630627241E-4	5.516137630627241E-4	5.516137630627241E-4	
10.579627385775897	5.31329758261263E-4	5.31329758261263E-4	5.31329758261263E-4	
10.57963889225283	5.142104291469847E-4	5.142104291469847E-4	5.142104291469847E-4	
10.579650004500902	4.962612690762801E-4	4.962612690762801E-4	4.962612690762801E-4	
10.579660728048758	4.789191038861467E-4	4.789191038861467E-4	4.789191038861467E-4	
10.579671076534574	4.621575722153578E-4	4.621575722153578E-4	4.621575722153578E-4	
10.579681060783905	4.463506556420741E-4	4.463506556420741E-4	4.463506556420741E-4	
10.579690690610501	4.319631516524183E-4	4.319631516524183E-4	4.319631516524183E-4	
10.579699998608719	4.155013561718765E-4	4.155013561718765E-4	4.155013561718765E-4	
10.579708977186957	4.0025966917949386E-4	4.0025966917949386E-4	4.0025966917949386E-4	
10.579717627383001	3.8797373489594163E-4	3.8797373489594163E-4	3.8797373489594163E-4	
10.579725975167685	3.760777767099503E-4	3.760777767099503E-4	3.760777767099503E-4	
10.579734056548668	3.6023740013916325E-4	3.6023740013916325E-4	3.6023740013916325E-4	
10.579741839358112	3.4764398998894387E-4	3.4764398998894387E-4	3.4764398998894387E-4	
10.57974935055907	3.3537626075227656E-4	3.3537626075227656E-4	3.3537626075227656E-4	
10.57975659829586	3.2365459647040165E-4	3.2365459647040165E-4	3.2365459647040165E-4	
10.579763592009295	3.124223210480679E-4	3.124223210480679E-4	3.124223210480679E-4	
10.579770342473632	3.013416491967588E-4	3.013416491967588E-4	3.013416491967588E-4	
10.579776856951309	2.906196864357534E-4	2.906196864357534E-4	2.906196864357534E-4	
10.579783141625944	2.8059724050055735E-4	2.8059724050055735E-4	2.8059724050055735E-4	
10.57978921303328	2.69805534327907E-4	2.69805534327907E-4	2.69805534327907E-4	
10.579795062500818	2.610139732269857E-4	2.610139732269857E-4	2.610139732269857E-4	
10.57980070792456	2.5243105275651434E-4	2.5243105275651434E-4	2.5243105275651434E-4	
10.579806063857239	2.5979398522225076E-4	2.5979398522225076E-4	2.5979398522225076E-4	
10.57981135995142	2.4521796517682035E-4	2.4521796517682035E-4	2.4521796517682035E-4	
10.579816483864334	2.2892061099712206E-4	2.2892061099712206E-4	2.2892061099712206E-4	
10.579821395934811	2.1873961548524393E-4	2.1873961548524393E-4	2.1873961548524393E-4	
10.579826116683606	2.1223146239869844E-4	2.1223146239869844E-4	2.1223146239869844E-4	
10.579830683103431	2.0411258153755105E-4	2.0411258153755105E-4	2.0411258153755105E-4	
10.579835087399209	1.966842476939077E-4	1.966842476939077E-4	1.966842476939077E-4	
10.579839322067082	1.921666779989044E-4	1.921666779989044E-4	1.921666779989044E-4	
10.579843425542942	1.8492251546843138E-4	1.8492251546843138E-4	1.8492251546843138E-4	
10.5798473857961	1.778796541451981E-4	1.778796541451981E-4	1.778796541451981E-4	
10.579851210485723	1.7057753040494112E-4	1.7057753040494112E-4	1.7057753040494112E-4	
10.579854902517884	1.633406136097074E-4	1.633406136097074E-4	1.633406136097074E-4	
10.579858450703513	1.5885857628500846E-4	1.5885857628500846E-4	1.5885857628500846E-4	
10.57986188034299	1.535869021989334E-4	1.535869021989334E-4	1.535869021989334E-4	
10.579865170891933	1.5175561743131463E-4	1.5175561743131463E-4	1.5175561743131463E-4	
10.579868381808941	1.4395074677753272E-4	1.4395074677753272E-4	1.4395074677753272E-4	
10.579871470479622	1.3811102328264868E-4	1.3811102328264868E-4	1.3811102328264868E-4	
10.579874427956131	1.364168229746198E-4	1.364168229746198E-4	1.364168229746198E-4	
10.579877307653218	1.3041356774414224E-4	1.3041356774414224E-4	1.3041356774414224E-4	
10.579880084817566	1.249287493298826E-4	1.249287493298826E-4	1.249287493298826E-4	
10.579882741648175	1.2358106630674123E-4	1.2358106630674123E-4	1.2358106630674123E-4	
10.579885339238826	1.1655203341409958E-4	1.1655203341409958E-4	1.1655203341409958E-4	
10.579887837055711	1.1128408871270241E-4	1.1128408871270241E-4	1.1128408871270241E-4	
10.579890240321248	1.0742331562557044E-4	1.0742331562557044E-4	1.0742331562557044E-4	
10.57989255988671	1.0363666326314902E-4	1.0363666326314902E-4	1.0363666326314902E-4	
10.579894788422136	1.0166585561259656E-4	1.0166585561259656E-4	1.0166585561259656E-4	
10.579897047919063	8.123249415319513E-5	8.123249415319513E-5	8.123249415319513E-5	
10.579899042890734	9.308093787500526E-5	9.308093787500526E-5	9.308093787500526E-5	
10.579900974323575	1.0345850641607306E-4	1.0345850641607306E-4	1.0345850641607306E-4	
10.579902995363113	8.671709024507856E-5	8.671709024507856E-5	8.671709024507856E-5	
10.579904868629471	8.368480469708771E-5	8.368480469708771E-5	8.368480469708771E-5	
10.57990664327353	8.63897579070059E-5	8.63897579070059E-5	8.63897579070059E-5	
10.579908420811613	7.794927539001865E-5	7.794927539001865E-5	7.794927539001865E-5	
10.57991011377049	7.361550406362384E-5	7.361550406362384E-5	7.361550406362384E-5	
10.579911728981088	7.25873959279988E-5	7.25873959279988E-5	7.25873959279988E-5	
10.57991328608379	7.187059404791901E-5	7.187059404791901E-5	7.187059404791901E-5	
10.579914809764736	6.759817476572076E-5	6.759817476572076E-5	6.759817476572076E-5	
10.579916269776387	6.524145060708387E-5	6.524145060708387E-5	6.524145060708387E-5	
10.579917678731316	6.296596036048069E-5	6.296596036048069E-5	6.296596036048069E-5	
10.579919031502165	6.196852187207958E-5	6.196852187207958E-5	6.196852187207958E-5	
10.579920341391983	6.022963806291891E-5	6.022963806291891E-5	6.022963806291891E-5	
10.57992161683306	5.659411075566827E-5	5.659411075566827E-5	5.659411075566827E-5	
10.579922838876733	5.46036381226272E-5	5.46036381226272E-5	5.46036381226272E-5	
10.579924018143556	5.268915317477608E-5	5.268915317477608E-5	5.268915317477608E-5	
10.579925181701435	4.644033520700981E-5	4.644033520700981E-5	4.644033520700981E-5	
10.579926269973468	4.637882846213961E-5	4.637882846213961E-5	4.637882846213961E-5	
10.579927314077377	4.73587278425668E-5	4.73587278425668E-5	4.73587278425668E-5	
10.579928349947243	4.347024108463581E-5	4.347024108463581E-5	4.347024108463581E-5	
10.57992933285986	4.255817184949685E-5	4.255817184949685E-5	4.255817184949685E-5	
10.5799302758632	4.261608155809336E-5	4.261608155809336E-5	4.261608155809336E-5	
10.579931194696162	4.117764133719339E-5	4.117764133719339E-5	4.117764133719339E-5	
10.579932082316656	3.96311306695521E-5	3.96311306695521E-5	3.96311306695521E-5	
10.579932940636079	3.822953069498969E-5	3.822953069498969E-5	3.822953069498969E-5	
10.579935354071866	1.5386966393557237E-6	1.5386966393557237E-6	1.5386966393557237E-6	
10.579934562119828	3.5605341679311054E-5	3.5605341679311054E-5	3.5605341679311054E-5	
10.57993533082991	3.437366098328463E-5	3.437366098328463E-5	3.437366098328463E-5	
10.57993549419388	3.8485523825077784E-5	3.8485523825077784E-5	3.8485523825077784E-5	
10.579936789214711	3.1996817512000095E-5	3.1996817512000095E-5	3.1996817512000095E-5	
10.57993748087737	3.085860576957628E-5	3.085860576957628E-5	3.085860576957628E-5	
10.579938237832964	1.2241452114694309E-5	1.2241452114694309E-5	1.2241452114694309E-5	
10.579938797135027	2.786183425062748E-5	2.786183425062748E-5	2.786183425062748E-5	
10.579939431958818	2.4505337025653692E-5	2.4505337025653692E-5	2.4505337025653692E-5	
10.579940045385817	2.115705941328446E-5	2.115705941328446E-5	2.115705941328446E-5	
10.579940613051559	2.2146477880653873E-5	2.2146477880653873E-5	2.2146477880653873E-5	
10.579941137121	2.706344273663382E-5	2.706344273663382E-5	2.706344273663382E-5	
10.579941884343352	-9.28486654112642E-6	-9.28486654112642E-6	-9.28486654112642E-6	
10.579942323752846	3.727405663699605E-6	3.727405663699605E-6	3.727405663699605E-6	
10.579942690530597	2.5799712267014813E-5	2.5799712267014813E-5	2.5799712267014813E-5	
10.579943186932713	2.293273078588614E-5	2.293273078588614E-5	2.293273078588614E-5	
10.579943715677652	1.1572355941752394E-5	1.1572355941752394E-5	1.1572355941752394E-5	
10.57994411270264	2.0158437309358236E-5	2.0158437309358236E-5	2.0158437309358236E-5	
10.57994453143379	2.231269855305694E-5	2.231269855305694E-5	2.231269855305694E-5	
10.579945095825106	-3.3653769556585227E-6	-3.3653769556585227E-6	-3.3653769556585227E-6	
10.579945373226943	1.8111051227960503E-5	1.8111051227960503E-5	1.8111051227960503E-5	
10.579945761979829	1.7883792606442378E-5	1.7883792606442378E-5	1.7883792606442378E-5	
10.579946145268986	1.6268300519229128E-5	1.6268300519229128E-5	1.6268300519229128E-5	
10.579946515791084	1.4611253797464716E-5	1.4611253797464716E-5	1.4611253797464716E-5	
10.579946840505851	1.8611632301335445E-5	1.8611632301335445E-5	1.8611632301335445E-5	
10.579947198210538	1.4909070014058986E-5	1.4909070014058986E-5	1.4909070014058986E-5	
10.579947526790761	1.4169241545730892E-5	1.4169241545730892E-5	1.4169241545730892E-5	
10.579947839964197	1.412246119011529E-5	1.412246119011529E-5	1.412246119011529E-5	
10.579948250341891	-4.335094499807249E-6	-4.335094499807249E-6	-4.335094499807249E-6	
10.579948439030487	1.3148109215695763E-5	1.3148109215695763E-5	1.3148109215695763E-5	
10.579948722950007	1.2685230405029516E-5	1.2685230405029516E-5	1.2685230405029516E-5	
10.579948996908671	1.2243842882706236E-5	1.2243842882706236E-5	1.2243842882706236E-5	
10.579949261309267	1.1813926985797706E-5	1.1813926985797706E-5	1.1813926985797706E-5	
10.579949516450132	1.1401333894597951E-5	1.1401333894597951E-5	1.1401333894597951E-5	
10.579949762669965	1.100277281082874E-5	1.100277281082874E-5	1.100277281082874E-5	
10.579950000362217	1.0603896991728503E-5	1.0603896991728503E-5	1.0603896991728503E-5	
10.579950229593745	1.0244208925330907E-5	1.0244208925330907E-5	1.0244208925330907E-5	
10.579950450824509	9.89432736023817E-6	9.89432736023817E-6	9.89432736023817E-6	
10.579950664187589	9.578773744266843E-6	9.578773744266843E-6	9.578773744266843E-6	
10.579950868723412	9.455290489608408E-6	9.455290489608408E-6	9.455290489608408E-6	
10.579951069336563	8.88746457701557E-6	8.88746457701557E-6	8.88746457701557E-6	
10.579951242395028	1.1772191348059244E-5	1.1772191348059244E-5	1.1772191348059244E-5	
10.579951446415711	8.282275464142918E-6	8.282275464142918E-6	8.282275464142918E-6	
10.579951625184535	7.984989522923981E-6	7.984989522923981E-6	7.984989522923981E-6	
10.579951796601994	7.886407193821667E-6	7.886407193821667E-6	7.886407193821667E-6	
10.579951964138846	7.429071880300624E-6	7.429071880300624E-6	7.429071880300624E-6	
10.579952127436524	6.714726431770981E-6	6.714726431770981E-6	6.714726431770981E-6	
10.579952278573517	7.118873234965452E-6	7.118873234965452E-6	7.118873234965452E-6	
10.579952505882934	-6.181611522185931E-6	-6.181611522185931E-6	-6.181611522185931E-6	
10.579952572194772	6.687319290448934E-6	6.687319290448934E-6	6.687319290448934E-6	
10.579952712943044	6.224908751167939E-6	6.224908751167939E-6	6.224908751167939E-6	
10.579952848329317	5.849584009701667E-6	5.849584009701667E-6	5.849584009701667E-6	
10.579952866828785	2.397955834427436E-5	2.397955834427436E-5	2.397955834427436E-5	
10.57995310229419	5.594160555924514E-6	5.594160555924514E-6	5.594160555924514E-6	
10.579953243165399	2.0953628948966324E-6	2.0953628948966324E-6	2.0953628948966324E-6	
10.579953329031325	6.930658461908489E-6	6.930658461908489E-6	6.930658461908489E-6	
10.579953521486459	-6.018770181968378E-6	-6.018770181968378E-6	-6.018770181968378E-6	
10.579953563214831	4.387853701149246E-6	4.387853701149246E-6	4.387853701149246E-6	
10.579953665555138	4.6816759601829765E-6	4.6816759601829765E-6	4.6816759601829765E-6	
10.579953761279464	6.742043326995247E-6	6.742043326995247E-6	6.742043326995247E-6	
10.579953863037854	4.096751958386006E-6	4.096751958386006E-6	4.096751958386006E-6	
10.579953958321385	4.208844951616151E-6	4.208844951616151E-6	4.208844951616151E-6	
10.579954049213201	4.0605103340742025E-6	4.0605103340742025E-6	4.0605103340742025E-6	
10.57995414633986	3.0369755430591227E-6	3.0369755430591227E-6	3.0369755430591227E-6	
10.579954205038309	6.527527243048732E-6	6.527527243048732E-6	6.527527243048732E-6	
10.579954303297605	3.6385725093972647E-6	3.6385725093972647E-6	3.6385725093972647E-6	
10.579954309832662	1.5354923416642592E-5	1.5354923416642592E-5	1.5354923416642592E-5	
10.57995446782988	1.7621959851568635E-6	1.7621959851568635E-6	1.7621959851568635E-6	
10.579954561578953	-1.8012712633281978E-6	-1.8012712633281978E-6	-1.8012712633281978E-6	
10.579954600651444	3.452849807980011E-6	3.452849807980011E-6	3.452849807980011E-6	
10.579954670696244	3.054308817166911E-6	3.054308817166911E-6	3.054308817166911E-6	
10.579954748410591	9.313022383913764E-7	9.313022383913764E-7	9.313022383913764E-7	
10.57995478865265	4.9340287751681144E-6	4.9340287751681144E-6	4.9340287751681144E-6	
10.579954798827366	1.3100188424358393E-5	1.3100188424358393E-5	1.3100188424358393E-5	
10.579954913284526	3.930138752744586E-6	3.930138752744586E-6	3.930138752744586E-6	
10.579955053399372	-1.019537105587658E-5	-1.019537105587658E-5	-1.019537105587658E-5	
10.579955032703024	2.592446349201767E-6	2.592446349201767E-6	2.592446349201767E-6	
10.5799550867004	2.3806725450184223E-6	2.3806725450184223E-6	2.3806725450184223E-6	
10.579955138191178	2.285154525812403E-6	2.285154525812403E-6	2.285154525812403E-6	
10.579955187738049	2.2170482763028434E-6	2.2170482763028434E-6	2.2170482763028434E-6	
10.579955234042783	2.3949952684362945E-6	2.3949952684362945E-6	2.3949952684362945E-6	
10.5799552818279	2.0644495519525736E-6	2.0644495519525736E-6	2.0644495519525736E-6	
10.579955326419057	1.9924652724061974E-6	1.9924652724061974E-6	1.9924652724061974E-6	
10.579955369444878	1.9240418451541564E-6	1.9240418451541564E-6	1.9240418451541564E-6	
10.579955410978013	1.8558942657016795E-6	1.8558942657016795E-6	1.8558942657016795E-6	
10.579955451055252	1.7906343008460959E-6	1.7906343008460959E-6	1.7906343008460959E-6	
10.57995548972847	1.7280023224770428E-6	1.7280023224770428E-6	1.7280023224770428E-6	
10.579955527070949	1.6637596843370022E-6	1.6637596843370022E-6	1.6637596843370022E-6	
10.579955563597624	1.5159293293279482E-6	1.5159293293279482E-6	1.5159293293279482E-6	
10.5799555975098	1.6055002379904374E-6	1.6055002379904374E-6	1.6055002379904374E-6	
10.579955631357924	1.4986726915440616E-6	1.4986726915440616E-6	1.4986726915440616E-6	
10.579955666157987	1.0481138159170351E-6	1.0481138159170351E-6	1.0481138159170351E-6	
10.579955695945003	1.2240809841332915E-6	1.2240809841332915E-6	1.2240809841332915E-6	
10.579955723653066	1.587546443860037E-6	1.587546443860037E-6	1.587546443860037E-6	
10.579955753469351	1.4197255073333083E-6	1.4197255073333083E-6	1.4197255073333083E-6	
10.579955783984195	9.696644424129063E-7	9.696644424129063E-7	9.696644424129063E-7	
10.579955820736625	-6.615997703501985E-7	-6.615997703501985E-7	-6.615997703501985E-7	
10.579955835388251	1.115353165624001E-6	1.115353165624001E-6	1.115353165624001E-6	
10.579955859961126	1.1307228777230137E-6	1.1307228777230137E-6	1.1307228777230137E-6	
10.57995588225851	1.4396502683970956E-6	1.4396502683970956E-6	1.4396502683970956E-6	
10.5799559079711	1.0496022406728736E-6	1.0496022406728736E-6	1.0496022406728736E-6	
10.579955910579534	4.02927040927949E-6	4.02927040927949E-6	4.02927040927949E-6	
10.579955952492726	9.758587512755682E-7	9.758587512755682E-7	9.758587512755682E-7	
10.579955974365067	7.837952490952492E-7	7.837952490952492E-7	7.837952490952492E-7	
10.579955993913057	9.096384585886106E-7	9.096384585886106E-7	9.096384585886106E-7	
10.579956013562855	8.877717768304131E-7	8.877717768304131E-7	8.877717768304131E-7	
10.5799560326298	8.491112298219736E-7	8.491112298219736E-7	8.491112298219736E-7	
10.579956049696952	1.0427581347770369E-6	1.0427581347770369E-6	1.0427581347770369E-6	
10.579956068818309	7.887856429530806E-7	7.887856429530806E-7	7.887856429530806E-7	
10.579956086091034	7.376114115494418E-7	7.376114115494418E-7	7.376114115494418E-7	
10.57995610255834	6.827026331037971E-7	6.827026331037971E-7	6.827026331037971E-7	
10.5799561184266	7.086590928504612E-7	7.086590928504612E-7	7.086590928504612E-7	
10.579956134416829	5.920419587824206E-7	5.920419587824206E-7	5.920419587824206E-7	
10.579956148651808	6.584838788296557E-7	6.584838788296557E-7	6.584838788296557E-7	
10.579956162298316	6.102082158821958E-7	6.102082158821958E-7	6.102082158821958E-7	
10.5799561762594	5.832565017961027E-7	5.832565017961027E-7	5.832565017961027E-7	
10.579956190079189	5.933241437830605E-7	5.933241437830605E-7	5.933241437830605E-7	
10.579956203073985	5.841148940088806E-7	5.841148940088806E-7	5.841148940088806E-7	
10.579956214745202	5.152168299610747E-7	5.152168299610747E-7	5.152168299610747E-7	
10.57995622721433	5.243301278492728E-7	5.243301278492728E-7	5.243301278492728E-7	
10.579956238870784	5.199442770655338E-7	5.199442770655338E-7	5.199442770655338E-7	
10.579956248141674	2.558801111029063E-7	2.558801111029063E-7	2.558801111029063E-7	
10.579956260712905	4.792185163032274E-7	4.792185163032274E-7	4.792185163032274E-7	
10.579956271877144	5.556484952103588E-7	5.556484952103588E-7	5.556484952103588E-7	
10.579956280384806	4.836995815463125E-7	4.836995815463125E-7	4.836995815463125E-7	
10.579956290672083	4.472341925002455E-7	4.472341925002455E-7	4.472341925002455E-7	
10.579956298026005	6.446218340062123E-7	6.446218340062123E-7	6.446218340062123E-7	
10.579956308879611	4.2273500596247917E-7	4.2273500596247917E-7	4.2273500596247917E-7	
10.579956317773664	3.7578822209875574E-7	3.7578822209875574E-7	3.7578822209875574E-7	
10.579956326075164	3.731733830646642E-7	3.731733830646642E-7	3.731733830646642E-7	
10.579956334232511	3.458162090135655E-7	3.458162090135655E-7	3.458162090135655E-7	
10.579956341976786	3.410161614748404E-7	3.410161614748404E-7	3.410161614748404E-7	
10.579956349456005	3.356877732249492E-7	3.356877732249492E-7	3.356877732249492E-7	
10.579956357438522	2.076551864267601E-7	2.076551864267601E-7	2.076551864267601E-7	
10.579956363709448	3.1283812440048534E-7	3.1283812440048534E-7	3.1283812440048534E-7	
10.579956370917971	2.2710547501351576E-7	2.2710547501351576E-7	2.2710547501351576E-7	
10.579956376984594	2.911491029125424E-7	2.911491029125424E-7	2.911491029125424E-7	
10.57995638327485	2.8097936400076534E-7	2.8097936400076534E-7	2.8097936400076534E-7	
10.579956389345073	2.711182398756465E-7	2.711182398756465E-7	2.711182398756465E-7	
10.579956395202359	2.6160617464888194E-7	2.6160617464888194E-7	2.6160617464888194E-7	
10.579956400771465	2.661081157701805E-7	2.661081157701805E-7	2.661081157701805E-7	
10.579956406305332	2.444305707997607E-7	2.444305707997607E-7	2.444305707997607E-7	
10.579956411572873	2.351772281626647E-7	2.351772281626647E-7	2.351772281626647E-7	
10.579956416652639	2.2690769107294118E-7	2.2690769107294118E-7	2.2690769107294118E-7	
10.579956421603754	2.1131149590697837E-7	2.1131149590697837E-7	2.1131149590697837E-7	
10.579956426283474	2.1150535945203212E-7	2.1150535945203212E-7	2.1150535945203212E-7	
10.579956430849496	2.0388538152422314E-7	2.0388538152422314E-7	2.0388538152422314E-7	
10.579956435269233	1.9219741348366442E-7	1.9219741348366442E-7	1.9219741348366442E-7	
10.579956439504949	1.8991695414866906E-7	1.8991695414866906E-7	1.8991695414866906E-7	
10.57995644385281	1.2389594302300228E-7	1.2389594302300228E-7	1.2389594302300228E-7	
10.579956447563323	1.8397907536902225E-7	1.8397907536902225E-7	1.8397907536902225E-7	
10.579956450291357	-2.6705637944845043E-7	-2.6705637944845043E-7	-2.6705637944845043E-7	
10.579956455171514	1.6664637696116908E-7	1.6664637696116908E-7	1.6664637696116908E-7	
10.579956459583881	1.5921941558251995E-7	1.5921941558251995E-7	1.5921941558251995E-7	
10.579956323077198	1.0039906361949635E-7	1.0039906361949635E-7	1.0039906361949635E-7	
10.579956394208445	-1.5252117299497212E-6	-1.5252117299497212E-6	-1.5252117299497212E-6	
10.579956468572647	1.4285323961334697E-7	1.4285323961334697E-7	1.4285323961334697E-7	
10.57995647165814	1.3773684186196724E-7	1.3773684186196724E-7	1.3773684186196724E-7	
10.57995647463311	1.332932589632948E-7	1.332932589632948E-7	1.332932589632948E-7	
10.57995647845704	-7.739826650120994E-8	-7.739826650120994E-8	-7.739826650120994E-8	
10.57995648033543	9.756320065669437E-8	9.756320065669437E-8	9.756320065669437E-8	
10.579956482933799	1.2232441008621092E-7	1.2232441008621092E-7	1.2232441008621092E-7	
10.579956485479826	1.2365601885014986E-7	1.2365601885014986E-7	1.2365601885014986E-7	
10.579956488007301	1.1510734644021582E-7	1.1510734644021582E-7	1.1510734644021582E-7	
10.579956490441667	1.056208467964188E-7	1.056208467964188E-7	1.056208467964188E-7	
